.Random.seed <-
c(403L, 10L, 1461400226L, 988154260L, 1710495767L, 328695821L, 
-233749212L, -1684864758L, 374421621L, 576328655L, 1253188822L, 
-1424771968L, 562580163L, 1782289505L, -77212464L, -109214162L, 
-968230951L, -95315989L, -1959375270L, 1210992668L, -1850747617L, 
127161717L, 219014156L, -1533794846L, 199726781L, -1011797705L, 
-1834183202L, -1018508520L, 1985462907L, -587894759L, 2128062632L, 
-767456682L, 1821669073L, 385906307L, 148188434L, 1683896484L, 
-77531033L, -1354745411L, 1659032372L, 46839962L, -996466971L, 
-354781057L, -1237962234L, 1804934544L, 1719779379L, 152416209L, 
-1681283712L, -515069858L, 2055145385L, -316260773L, -642506134L, 
1848577804L, 537012559L, 1612222981L, 139706556L, 649685394L, 
804455053L, -858607417L, 329729454L, 2121420808L, 734544907L, 
182583529L, -189825096L, -1583064986L, -1414067967L, 912474003L, 
194400322L, 179542004L, -801586697L, -1148762643L, 781158020L, 
117405866L, -1203812843L, 458300079L, 2142785718L, -1756934432L, 
841437731L, -1577124543L, -1801240528L, -556803506L, 2091392697L, 
1550478027L, 1463397242L, 884693628L, -682201409L, 516052885L, 
711397292L, -1145844350L, -2099817635L, 1913519703L, -1448174274L, 
-1273401992L, 1112047195L, -498492999L, 1720429576L, -1166133578L, 
544556529L, -549561309L, 1581593714L, 983754436L, 88162439L, 
-776256419L, 1220471380L, -1684422534L, 473744325L, 1897264415L, 
311448742L, 631793200L, 1743076563L, -276303119L, 1177616928L, 
1451582654L, -706965303L, -1292692869L, 1769224266L, 1670334636L, 
-1847054417L, -362841243L, -565472996L, 1879939442L, -336328211L, 
-753967577L, 2115735118L, 283849384L, 119673003L, -1085130295L, 
643798488L, 1725162630L, 1494288737L, 1424821491L, -596823198L, 
-1202274860L, 1924692183L, -1266021683L, -534324636L, -1996025782L, 
661673397L, -1148503793L, 1365059094L, -1642274624L, 928740995L, 
691483297L, 1317180560L, 443105134L, 546478361L, -274728533L, 
490985370L, 1914095452L, -332409249L, -1932073419L, 1094780364L, 
-526301918L, -354979971L, -101596041L, 1136523678L, -1567395752L, 
-565187141L, 1891500889L, 1561096424L, -1905602282L, -161713519L, 
912392003L, -1877714350L, -1412633372L, 582514471L, -1878559875L, 
271255156L, -178489254L, 554303653L, -1131404609L, 1724709190L, 
1550700496L, 259754483L, -1007999727L, -865730240L, -1886883554L, 
-206944791L, -1149827301L, 760869162L, 993929804L, -1476545009L, 
-965748411L, 462766844L, 1164458322L, -421802291L, -556702073L, 
-1691045522L, -857191608L, -2035986613L, 891164329L, 859892728L, 
-1262234842L, -900033471L, -1870809645L, -282331262L, 1020771252L, 
-179514569L, -1584877011L, -1630588092L, 521164906L, -1803074859L, 
-1485702033L, -1042762378L, 1942388384L, -1149060253L, -633384959L, 
-375473296L, 11318030L, -1326150279L, -130930421L, 1853217338L, 
-14118596L, -1336689025L, -949754411L, -2032935956L, 1872387394L, 
985031325L, 918900503L, -1797820802L, -1989161416L, 2016770331L, 
1233870457L, 1848449736L, 957745910L, -863632591L, -1967500445L, 
-1910298318L, -1084220796L, 1791391431L, -2010616592L, 1297006404L, 
-422683560L, 1449012794L, 629782768L, -787364164L, -1714576876L, 
1741321410L, -481183136L, -1492471428L, -1009554224L, 2103390242L, 
509383848L, -727699060L, 1807745468L, -662303694L, 1733570368L, 
1289276084L, 135679304L, 853587642L, -1241531632L, -2022291220L, 
-100258732L, -1578548462L, 2069917088L, -835381300L, -2060326048L, 
-1361974078L, -2013486552L, -1791812180L, -706108612L, 1314418546L, 
-1894605008L, 364379172L, 969183800L, -465320230L, -25648240L, 
672092412L, 1748887956L, -147080382L, 147780096L, 1233908796L, 
-238835120L, 1356633250L, 1532847944L, -2023315956L, -473032996L, 
-1902075822L, 643862656L, 1649472340L, -944827416L, 2097681146L, 
-1936175280L, 410767404L, -371142284L, -53515630L, -1392717216L, 
785513612L, -40424096L, 335413474L, 1792039080L, -2064792884L, 
30066172L, 518494130L, -2072268816L, 1084571076L, 1842006360L, 
-350966406L, -967778896L, 1244731836L, 1013983828L, 772746690L, 
-1709241568L, -463672388L, -1832192944L, -189229086L, 1255889768L, 
-2017892532L, -854533380L, 1673122546L, -1691389696L, 1808798836L, 
1739930120L, 1847976378L, -1869350448L, -1668443156L, 1844762516L, 
1952031954L, 1141641312L, -85116596L, -1386029280L, -2020056446L, 
-1851772440L, -1832336404L, -483393988L, -697625998L, -1680386192L, 
1647935780L, -590250440L, -1770115686L, -124938800L, -2041450052L, 
-257385836L, 553924226L, -2091025984L, 156458812L, -17578352L, 
-1020280030L, -1607258616L, 1961535244L, 1224056732L, -1212549102L, 
-2060287104L, 1386954516L, 618703144L, -551946182L, 113321936L, 
1703723628L, 396936244L, -1089950574L, -1149848224L, 1639375180L, 
-2115771936L, -1858029662L, -606773336L, 1907707020L, -1679905860L, 
951779442L, 1768821744L, -743096252L, -592276392L, -1284601798L, 
1454637168L, -371701188L, -1164866796L, -2088542526L, -73916704L, 
-1380629380L, -828264240L, 1099801506L, -1337171416L, 1806179596L, 
-246174788L, -387461838L, -825391936L, 1493286452L, 1501161160L, 
-1733423430L, -1451636592L, -149493012L, 839705172L, -1749719406L, 
-158049504L, -1268818996L, 1275999456L, 488094402L, -1393213400L, 
-2089917524L, 1942246076L, 2121473522L, 105868848L, -477067356L, 
-184228424L, -1640347814L, -1075050352L, -631004292L, -1754539244L, 
-1042415294L, -1935154432L, 1031743420L, -1943100592L, -1146966750L, 
1133581896L, -1046566900L, 549537884L, -1534029358L, -1850363392L, 
1468954964L, 779601128L, -660259590L, -1719771440L, 392521004L, 
19925236L, -20509294L, 1111806304L, -658305012L, 1781757664L, 
1937599074L, -846960984L, -805386676L, 1278780284L, -1989515982L, 
1756231280L, 346491716L, 544048088L, -1617703046L, 426789424L, 
654699452L, 987173460L, -1835072446L, 1408499872L, 921008828L, 
181517776L, -1440856222L, 545573608L, 347100364L, 324029948L, 
-1776862734L, -1845930368L, -193751564L, 1387524744L, -1913938118L, 
128778064L, 288636012L, -830474860L, 743179346L, 165091808L, 
-1123504948L, -1191614304L, 159418754L, -867493656L, 1353571052L, 
1352549692L, -347437966L, 686984304L, -2081631196L, -1039052744L, 
-387763593L, -513244544L, -1505576738L, -1281010773L, 410999981L, 
78897434L, -66562600L, -97907135L, -1470331661L, 2052690708L, 
-173268318L, -855106633L, 1239431041L, 875052422L, 960729028L, 
1367577333L, 1420396383L, -31962696L, 634450070L, -700426589L, 
-1990789019L, 823266690L, -2106954000L, 139870873L, 856598155L, 
990463868L, -216200790L, 1004962271L, -1395304599L, 1802837886L, 
-1091213460L, -1761502275L, -1433778041L, -1162918800L, 437649166L, 
1128088635L, -922137827L, -1500216886L, 1457138408L, 1177804241L, 
1628901315L, -1011525436L, -869685390L, -840099257L, 1399269905L, 
127427478L, -1604589836L, 1002653829L, 2065104335L, -202782520L, 
-1037213338L, -539733101L, -417719051L, -936231726L, -20632800L, 
1421107977L, -542866373L, -945583732L, -374644710L, -616199025L, 
698315737L, 1257174126L, 289822716L, -1307194003L, -441170153L, 
-761940256L, 2126873790L, 1778389643L, -1942169331L, -901526214L, 
2114211192L, -258455775L, -1991483437L, 1957299956L, -1681664126L, 
994410007L, 2079413473L, 263238182L, -655428828L, -724689963L, 
-1273906305L, -489210344L, 632833334L, -458335293L, -1028423163L, 
598006178L, 1349803408L, -39473863L, 1050175979L, 259648220L, 
-1594568950L, 246923775L, -1353955255L, 1424744926L, -597177972L, 
1077618013L, -1955871385L, -1213065584L, -1985742674L, 190314843L, 
-595808963L, 1386405802L, -1459652536L, -271757199L, -1223148061L, 
-1270105884L, -226798574L, 1365811175L, -1440430159L, -664823306L, 
2145231892L, 527751973L, -225428433L, -618795544L, 292768454L, 
201315187L, 659463125L, -1808882766L, 433010048L, 607563113L, 
-963018277L, -1974736596L, -2147103942L, 673146351L, -1554481031L, 
-1250481394L, -1536876836L, -413815475L, 2059714743L, 896612928L, 
-1802140898L, 816056811L, 1840874861L, 241429466L, -1527792232L, 
